import math

# This dictionary maps income quintiles to payment values
income_quintile_payments = {
    0:0.66810,
    11000: 0.80048,
    16000: 0.95702,
    23000: 1.12801,
    32000: 1.44691
}
# This variable represents the growth rate of household demands
households_demands_growth = 1.04

# This dictionary maps months to demand values for the year 2021
demand_for_month_in_2021 = {
    0:1904,
    1:1574,
    2:1598,
    3:1292,
    4:1375,
    5:1625,
    6:2307,
    7:2436,
    8:1995,
    9:1430,
    10:1206,
    11:1744
}

# This dictionary maps months to the number of days in each month
days_in_a_month={
    0:31,
    1:28,
    2:31,
    3:30,
    4:31,
    5:30,
    6:31,
    7:31,
    8:30,
    9:31,
    10:30,
    11:31
}

# This function takes in a year, month, and day as arguments and returns the day of the week as an integer (0-6)
def calc_day_in_a_week(year,month,day):
    List=[0,3,3,6,1,4,6,2,5,0,3,5]
    key=(year-2000)+(year-2000)//4+day+List[month-1]+6
    if((((year%4==0 and year%100!=0) or year%400==0))and(month==0 or month ==1)):
        key=key-1
    return key%7

household_distribution={0: [[0.01828064037012336, 0.016472551653924344, 0.015937084183089922, 0.015906154654088657, 0.023126266580321728, 0.038165750057187406, 0.055789137936033864, 0.0504769913300664, 0.035564447795143415, 0.02597822690031348, 0.016069823411720356, 0.016274731541353744, 0.015197352947809642, 0.01352651401655374, 0.013353179781109142, 0.018064778032302026, 0.050945444821398074, 0.09039025977582534, 0.09872254601572894, 0.09684937641558976, 0.09676754203677392, 0.07972021663557603, 0.05820679611963283, 0.04021418698833376], [0.01842767011027153, 0.01667378598932638, 0.015978214105768336, 0.015778055052175558, 0.024137954834608035, 0.041909164600529306, 0.059318400905547165, 0.047068053311328614, 0.03762913518251668, 0.025322037511800562, 0.012781804391689026, 0.012610020376345031, 0.011366886943878008, 0.009400573482529796, 0.008886755222349099, 0.01450117833098025, 0.04425739073884765, 0.08905237341857092, 0.107987726645618, 0.10507736799280347, 0.10437796164461721, 0.08392339353187167, 0.05780915562788208, 0.03572494004814554], [0.014503739996964232, 0.013811867033312272, 0.013732442841056305, 0.02144276692706035, 0.03983034992534126, 0.06179025659309045, 0.053373057196008315, 0.04324029524619735, 0.030137950997038362, 0.015553904316793099, 0.011300297575973653, 0.009755055791082604, 0.007102287769733383, 0.005660297434775088, 0.010375446981704195, 0.0372675959885488, 0.07017480382224514, 0.09016057806692107, 0.11578811743484568, 0.11379721768229617, 0.09520842673030015, 0.0661171100889904, 0.03904405042200721, 0.02083208313771449], [0.011844656503060488, 0.01089324411664069, 0.010466486712542297, 0.020960536820894955, 0.04323461202144242, 0.05041820324677794, 0.049713910960726915, 0.03802608067520816, 0.022875717598752995, 0.007482986731551534, 0.007894536744858002, 0.007652168954111699, 0.006553434969395127, 0.008108390677869446, 0.018083488575447667, 0.05679865414591492, 0.09416226285974985, 0.10592517963730375, 0.11676234650039921, 0.12163346386343765, 0.09254742805003233, 0.057832756719765815, 0.028851271718054978, 0.011278181196061287], [0.006532725255762357, 0.005430897271689559, 0.005120070311202097, 0.017038676520238587, 0.028962641814800728, 0.03569365323501198, 0.050196410484514925, 0.03776011661370105, 0.02199690244856618, 0.0064416208018263765, 0.008132948193720225, 0.008583111377874481, 0.007636696874045413, 0.007191892775416803, 0.016691407778176733, 0.06018360227010863, 0.10248286432403177, 0.11615389149995446, 0.11169941961103759, 0.13655807373029866, 0.10502842994871357, 0.06429616450248932, 0.030357075868573793, 0.009830706488244847], [0.011827437874046939, 0.008821217152192784, 0.0069545190227435, 0.012632267090130036, 0.015894323576258928, 0.026495555681299673, 0.039248216072264884, 0.034520973114972, 0.031777209788938506, 0.03153883105328487, 0.03695953942338833, 0.03706127176259404, 0.03853608969782486, 0.03826159297192068, 0.04475380171945713, 0.07055589198794623, 0.08866003460103468, 0.09045750658250375, 0.08335249593371628, 0.09161328227052136, 0.07571474492873319, 0.04854197693023571, 0.025574546929910638, 0.010246673834081179], [0.018875383034466158, 0.01587066472873599, 0.013557800016663735, 0.01511771077310473, 0.017464520130717746, 0.022818516495554796, 0.03167066287720987, 0.03226994016484754, 0.03374437213206319, 0.03478276969792351, 0.040153121210157475, 0.046652286480464863, 0.05106786768994344, 0.05376584983505988, 0.05883100812511379, 0.07307047834177319, 0.07711853161635145, 0.07404222096729896, 0.06795995766176938, 0.0702327059745662, 0.05969628799871628, 0.04346920449180236, 0.02925658140388882, 0.018511558151806627], [0.016974978264200455, 0.014871285496055705, 0.013368445599283503, 0.01639252606968973, 0.02550439970799541, 0.027391884523013752, 0.03279354475946953, 0.030885182253396423, 0.031137837701076046, 0.03285051608590709, 0.03921750413926764, 0.04424124278171524, 0.0477632031049019, 0.04762024400005236, 0.04833822425683382, 0.061199589664905976, 0.07520285861592231, 0.07905143095340629, 0.07696578500295294, 0.08037592582828698, 0.06511256437140633, 0.04587748758573564, 0.029266984267067416, 0.017596354967457338], [0.008665901126802735, 0.005659472567859333, 0.004005784867085611, 0.011786324701884033, 0.029545988249393737, 0.039074451664973205, 0.03648904469896576, 0.027934858687978164, 0.01850747085337429, 0.010413824707583782, 0.017267205077793998, 0.022757965021769244, 0.024440531459964564, 0.02804885370411605, 0.03695794419867963, 0.06952328044217905, 0.09956856686225676, 0.10801255769097774, 0.116039326760634, 0.11143240817511457, 0.08550386177116336, 0.05289368748798303, 0.02615349656913, 0.009317192652337238], [0.01043608257868164, 0.009858742967257961, 0.009800435489945305, 0.020384676412618118, 0.04279482076663818, 0.06777144998269892, 0.05318406619141293, 0.038559403849058184, 0.022612786734188636, 0.0067780052725253245, 0.007119247393846936, 0.0068171955441617, 0.005432153992915164, 0.005262966722680079, 0.012306701154105705, 0.049164673697974906, 0.08545868867439384, 0.11994230427326898, 0.12172880714371741, 0.1187981395135436, 0.09130186258934903, 0.05675133677060691, 0.027771564685932986, 0.009963887598477505], [0.015718037848026774, 0.013946852995749649, 0.0132094049588265, 0.015433207751634705, 0.027328956662446054, 0.04727361122819884, 0.05986752126608615, 0.045308447258551245, 0.03475090871440954, 0.021711747031587493, 0.011512701539801324, 0.01078753066220542, 0.009242245541549591, 0.0069169515649695, 0.007586465986948562, 0.019938106747444923, 0.06503947925200998, 0.10401373077499158, 0.11024479837221238, 0.10713294772140017, 0.10049427843451487, 0.07638357447038381, 0.048921206009915036, 0.027237287206135965], [0.019030359989477545, 0.017337323473400446, 0.016770729579573842, 0.016479938004435327, 0.024256364250923153, 0.04155471565755246, 0.0615099127700221, 0.05097171602254085, 0.03783288328090842, 0.025621885513558162, 0.013133586501874784, 0.012793330380449814, 0.011178237997914996, 0.00875222684141142, 0.008091200631947053, 0.013616990022401446, 0.05919856942536438, 0.09522224945270479, 0.10392351282218472, 0.10063636888260341, 0.09949493700390247, 0.0787910265317334, 0.05278466659022146, 0.031017268372893734]], 1: [[0.024314966829293485, 0.02332974091570081, 0.023186151767813665, 0.02317163151690373, 0.029252389925742375, 0.04191189757092337, 0.056411174785100306, 0.051660901589268365, 0.043631202836073905, 0.03428069903714604, 0.024876954318215072, 0.023911626526239713, 0.021936872402488455, 0.020602622679986585, 0.0198879036629753, 0.023596483302787033, 0.05031912284777616, 0.07750587263481248, 0.08328654585817911, 0.08093695414612322, 0.080057672285466, 0.06505932866964388, 0.046258830463701536, 0.030612453427639685], [0.019412628801559056, 0.018073319815490808, 0.017608170586796444, 0.017597477501079335, 0.025056573106622095, 0.040719270410761524, 0.05329567584979958, 0.04620950160864109, 0.043966626879476896, 0.033405199780257085, 0.022224910345159443, 0.021532533044976456, 0.019133271937199506, 0.017688368729674785, 0.016905768518753667, 0.021424265552090704, 0.047174552594610425, 0.08013398436403542, 0.09601655824323296, 0.09329784119965731, 0.0923755625565564, 0.07420199506246768, 0.051080202152785484, 0.031465741358315945], [0.012541835476484058, 0.011891491985203454, 0.011611766778227936, 0.017392989254888146, 0.03179918971287652, 0.04947119957724149, 0.04266760612999823, 0.04241254183547648, 0.03415888673595209, 0.02284939228465739, 0.02035864012682755, 0.020222652809582527, 0.021733309846750048, 0.023324995596265635, 0.02950924784217016, 0.05232129645939757, 0.072980799718161, 0.08555645587458165, 0.1024689096353708, 0.09916152897657213, 0.08303681521930598, 0.058379425753038575, 0.03470283600493218, 0.019446186366038398], [0.008532774341233815, 0.00748833851111401, 0.0074249558617927565, 0.017728770027539306, 0.03930826564862497, 0.04629413591077193, 0.04689121883916056, 0.04734040891913294, 0.03342929527679847, 0.018821891081050795, 0.019143397273260056, 0.016992980141940395, 0.01623973706305012, 0.015706036783982746, 0.022555037267160627, 0.05796940363357113, 0.08049045310326963, 0.0902697528811548, 0.10492400512205295, 0.11455265628416005, 0.08905721524196557, 0.0568055512177736, 0.029449967206368402, 0.012583752363070515], [0.005888042687283977, 0.004989699822218356, 0.004572934365183347, 0.01354733856696674, 0.02601256367363983, 0.02768454792843776, 0.03941387024975572, 0.039576310329466215, 0.02775428230609125, 0.017016828956338895, 0.021038451535838134, 0.022778529359403592, 0.026154493642275765, 0.029246597987876058, 0.03761390290185255, 0.07154090823694263, 0.09071786209165393, 0.10006637071943725, 0.09577401467375384, 0.11571066304266676, 0.08999426537294353, 0.055903179149257, 0.027486830457679017, 0.009517511943037679], [0.005661488475987409, 0.004200426439232409, 0.0034440044674586253, 0.008601380850847802, 0.011590009137983552, 0.019484719260838664, 0.029391308762310896, 0.0332602294649203, 0.03064676616915423, 0.029872068230277184, 0.03686719463904965, 0.04092750533049041, 0.04531322976951974, 0.0500929028327749, 0.05840440653873489, 0.07531576809828408, 0.08547872880495483, 0.0938577520560463, 0.08712559650725962, 0.08890750329982738, 0.07243882627677938, 0.048188140928013, 0.02763326226012793, 0.013296781399126816], [0.015306856885804253, 0.012269455690508323, 0.01008000771158666, 0.01256988625409678, 0.015287577919156865, 0.019301137459032197, 0.02705224599961442, 0.03154231733179102, 0.03206702654071075, 0.03277809909388857, 0.03863794100636206, 0.042643467643467645, 0.045356982199087466, 0.04933905276010539, 0.055657412762675926, 0.06987308013623804, 0.07796703296703296, 0.0813758755864019, 0.07616348563716985, 0.07844290212711266, 0.06811837285521496, 0.05070657412762676, 0.03449971081550029, 0.022963498489814282], [0.013661725016798862, 0.010809414428106392, 0.009300644796621535, 0.012719295986010393, 0.02195775003440731, 0.023361273784281267, 0.028937465546693478, 0.031767328587210195, 0.02954686128077614, 0.02861436804999989, 0.03452874500542053, 0.0399054847824023, 0.045193906337053245, 0.04749937993248072, 0.05191013915271914, 0.06913918436649708, 0.07924683691966647, 0.08256318616818882, 0.07978999398700103, 0.08392512675504869, 0.0694773695595055, 0.050831184869910936, 0.033807479523052165, 0.02150585513014794], [0.005080528276853622, 0.003630515951426201, 0.002989722787585778, 0.009953911935789041, 0.025152906284161117, 0.0354243109053575, 0.03263205308064701, 0.032684323217878716, 0.02645449723226397, 0.022573600870394585, 0.030454776006329204, 0.03453636388275486, 0.03653166344226603, 0.03891414920349345, 0.046595923445544196, 0.07309430178066935, 0.09051380899588421, 0.09671717725771502, 0.1024552767671501, 0.09794004034480223, 0.07521221030405734, 0.04734835529754615, 0.023933269748754878, 0.009176312980675536], [0.006691135560836542, 0.005662061856559374, 0.005257505639203137, 0.014809000297594658, 0.03529472653638634, 0.05771007379484945, 0.046470484216700664, 0.04068593412375625, 0.027619372118399547, 0.014759832484397845, 0.016452240370225007, 0.01643930147201532, 0.016758460961187615, 0.017809962089028245, 0.024860799020094106, 0.058876299820149317, 0.08396654863516188, 0.11410986849766451, 0.11400721990520099, 0.10989437546094824, 0.08445391380106011, 0.05265614015414541, 0.02577687301334, 0.008977870171095364], [0.015640962660379513, 0.01335133536820993, 0.01224837175975106, 0.012002747239853126, 0.020424382848837665, 0.038365924213101955, 0.05276155491272507, 0.04439545860601045, 0.04414357613656098, 0.031673047167730256, 0.018888838477628612, 0.018685455117203573, 0.016349675447091386, 0.01514032669625634, 0.014164868809910091, 0.019527931575579603, 0.06259983385143941, 0.09515525190593677, 0.10334690786890223, 0.09957727550779348, 0.09802999748117532, 0.07679442792171931, 0.049763997077537564, 0.026967851348666354], [0.016353875777665595, 0.01485482876324426, 0.014035387018420657, 0.013817941299444428, 0.021405468445200183, 0.03753910177438503, 0.05644639158967502, 0.048232397034907365, 0.0411706550360009, 0.030123573493157096, 0.018691941643442157, 0.018918476733308067, 0.017302666262073132, 0.01597981320643639, 0.015447036235825823, 0.02070139179243792, 0.06335221591870466, 0.09069514110199531, 0.09847494340118665, 0.09549992239075625, 0.09444275863804866, 0.07525020241329788, 0.05086062358677761, 0.03040324644360884]], 2: [[0.02158940001923972, 0.020095557282953275, 0.01949238095975249, 0.019686436770424785, 0.026074798287001353, 0.039057740173091146, 0.054045925436127996, 0.04957932459732037, 0.04411480142727772, 0.03500191844348442, 0.02532732405330066, 0.024745156621283775, 0.02257515930821038, 0.021526373345688035, 0.020971849191544694, 0.025042598291203134, 0.05283514986526666, 0.07933178457261833, 0.08524910463422967, 0.0830122105887023, 0.08242009157665094, 0.06749272152493589, 0.048406696749924524, 0.03232549627976766], [0.018810648898602376, 0.017360980427528906, 0.016898955382137544, 0.016878839123138763, 0.0242485279440794, 0.03964719975185621, 0.05205309134987885, 0.04529857070735256, 0.04479112185131879, 0.034407887650044586, 0.023715771536401996, 0.02323168349727003, 0.021031873239016202, 0.019848907427571737, 0.018752895767928456, 0.022929939612288314, 0.047883185532905666, 0.07730808115547792, 0.09387933618940951, 0.09155753055400179, 0.09094885149139349, 0.07361707208499184, 0.051670233517321404, 0.033228815308083755], [0.016302068270021366, 0.015700166715374005, 0.015693352735510074, 0.022079566085762264, 0.037814559809329705, 0.05714430646555836, 0.049632272220009786, 0.04917876400462139, 0.03976184383266682, 0.026614648239646158, 0.022924499588889886, 0.02089544780718557, 0.019125327260310687, 0.01790335353804548, 0.020849264165885582, 0.04296441436871505, 0.06352143450932532, 0.07730308733856546, 0.09780408142251674, 0.09720747962998574, 0.08138693260368228, 0.05659540253207492, 0.03347632596262608, 0.018121400893691318], [0.010035857597923442, 0.009194347113289906, 0.009094717965003484, 0.018945550001823568, 0.03980006564849235, 0.044240679114972925, 0.04742169549240372, 0.047942079883006916, 0.03444766756599764, 0.02052894182280422, 0.020641914160593293, 0.01816452864293536, 0.017045479816646784, 0.016094555178091552, 0.02210788591395066, 0.0559835754232682, 0.07836188331113915, 0.088372833621991, 0.10111469005105105, 0.11182482349184152, 0.0875242067696227, 0.05660625760005835, 0.030374436583823248, 0.01413132722926891], [0.004876346511759066, 0.0034847160340646336, 0.002977835429473803, 0.010680446675314422, 0.020348542101404323, 0.023029580959900743, 0.033650809317015404, 0.03523278438892336, 0.027185437933562692, 0.021375697930178784, 0.027500563983982863, 0.029819243133495016, 0.032293722858270826, 0.03471039422480402, 0.042312898313687904, 0.07270881506965204, 0.09200270712311773, 0.09946069031639501, 0.09521953076532629, 0.10874950651401503, 0.084145000281992, 0.055128729344086635, 0.02991794033049462, 0.013188060459082962], [0.008054712485254913, 0.006198408281365256, 0.004586693396989493, 0.008636577603256385, 0.011286724335392894, 0.01747740874351034, 0.026537941167257474, 0.031153384536891586, 0.029424095137521426, 0.028122193391196593, 0.03497069433758562, 0.040559774840512756, 0.04598279206861203, 0.050595231709760886, 0.05760507578621521, 0.07465552598074954, 0.08374008823237876, 0.0883147667154272, 0.08370790542717955, 0.08798221106170218, 0.0744555634844452, 0.052780229630751664, 0.0334280652083708, 0.019743936437672423], [0.01847871593602603, 0.01571873612090552, 0.012664897571287807, 0.013720942449215448, 0.016271432505615316, 0.020742351474785616, 0.028696594836300316, 0.031586152663273866, 0.032083770433608785, 0.0340771068763899, 0.039840940602649186, 0.04328510505529352, 0.044435388487296106, 0.047039046917109875, 0.052243180041802444, 0.0670682417664635, 0.07713043602841801, 0.0799735113253411, 0.07507660862187258, 0.0768114257879346, 0.06641271074335435, 0.04947619600982501, 0.03407933549084438, 0.02308717225438679], [0.015727433714158898, 0.01340097926573181, 0.012384325731863155, 0.015463447591234065, 0.023349572572701323, 0.02519778239378319, 0.030737807447908015, 0.034296708737664404, 0.034703124582725425, 0.03608352643713585, 0.041093737481762704, 0.04469991070515912, 0.04831774843166151, 0.049251215640748046, 0.05243685283111303, 0.06606528990741148, 0.07299185602810777, 0.07438791287352886, 0.06999162304500627, 0.07431117272151583, 0.06227309855553547, 0.0468302173250409, 0.03297739204425635, 0.02302726393424658], [0.005294416966409367, 0.0036955298851835696, 0.0029293478641436157, 0.009163256874630914, 0.023075908623019774, 0.032143465686949584, 0.029493047758873823, 0.03174607805836755, 0.025925895668533202, 0.023497221204277084, 0.03149807550014822, 0.03704166209563913, 0.04154422148203994, 0.041989459015972536, 0.04797945021625824, 0.07105769298100242, 0.08504270312284821, 0.09209706294946816, 0.09976413497874764, 0.0951244447660373, 0.07518620615606539, 0.05066312966390693, 0.02916801852374873, 0.014879569957728695], [0.006151696248256292, 0.0050747786221551705, 0.004662797892965759, 0.013648921558045203, 0.03301943148307295, 0.054581678887388366, 0.04422860316285846, 0.04149057923666564, 0.02992463224540209, 0.018672614569780886, 0.02079925909385663, 0.020897310507403708, 0.02277923847834094, 0.02399128578361619, 0.030128974687080045, 0.061418911069015855, 0.08069136958049651, 0.10839377777265094, 0.10864920582474835, 0.10570766341833597, 0.08139420870449365, 0.05054261981841538, 0.024630679875318157, 0.00851976147963703], [0.01312333472985245, 0.011011987183583878, 0.010170919738022482, 0.009947634478084513, 0.018509006759310328, 0.03669531503340995, 0.05127197643748762, 0.042861301981873656, 0.04285341204335995, 0.03060507149467784, 0.01801509660835213, 0.018068748190245353, 0.01594477674235485, 0.015282021907203278, 0.014875690073747255, 0.020779731063555823, 0.06450182533727515, 0.09727662992322302, 0.10593504844816745, 0.10228910786098246, 0.10095886422757108, 0.0791281933539892, 0.051564693156346236, 0.028329613227324118], [0.01646509056582125, 0.014968916078627721, 0.014589494051810014, 0.014654686839923024, 0.021933461632740344, 0.037208131887618075, 0.05486494662014511, 0.04726868294921744, 0.04217973390911604, 0.03183624614710623, 0.021645309509280848, 0.022093183963617213, 0.02075803566306281, 0.020031788003483906, 0.019295761425688045, 0.023840350685045822, 0.06355449334772792, 0.08711647082753118, 0.09393237682474617, 0.09112778308012458, 0.08999212471119596, 0.07183267358231764, 0.049032799795555415, 0.02977745789849744]], 3: [[0.022336975109724187, 0.02127126396646122, 0.02096118883795628, 0.02121618845518148, 0.02764845741754232, 0.04077735779640677, 0.05613020732074712, 0.05149780606700818, 0.04541416509104808, 0.03647651112057186, 0.026898879709025058, 0.025450393762367893, 0.0227373740767279, 0.021227203557437423, 0.020155434107933686, 0.023857609976157813, 0.05053949217074069, 0.07747362020698478, 0.08345592224219017, 0.0813063250369419, 0.08058042979827493, 0.06556794693364337, 0.04642149619235453, 0.03059775104657241], [0.021987843462557718, 0.021108158436289513, 0.02094543505869053, 0.021236624260709765, 0.028108322383151158, 0.042277491074683905, 0.05612977739931338, 0.04765837389182932, 0.04574973878615701, 0.035367253204916446, 0.024490480070668435, 0.023351416427475537, 0.02068666818378688, 0.01916710100350161, 0.018118575179423935, 0.021972549912031496, 0.04555398133942139, 0.07657541922680702, 0.08861205523296359, 0.08639326692261953, 0.08568425792022395, 0.06918618735455834, 0.04845669722929804, 0.031182326038921473], [0.016261408270411105, 0.015505888675206579, 0.015672691702719267, 0.0203144954095203, 0.033768933275769936, 0.05297316961980986, 0.049632580480573854, 0.04828608002318638, 0.04083277732324162, 0.027286258147686343, 0.020303928701895062, 0.018823080104700976, 0.017697725742613114, 0.017428274698169544, 0.02100812428863415, 0.03948325780653264, 0.06217828149105301, 0.07841478252206179, 0.09961688137210209, 0.09720238867973519, 0.0862016912770319, 0.06259717597191067, 0.038244688719888655, 0.020265435695545984], [0.01223977050319254, 0.011516596140878632, 0.011569901376430025, 0.021636595110310748, 0.042475388528535635, 0.04425134129298956, 0.0492398229200075, 0.04902038303365427, 0.035227653334731115, 0.02046121466640251, 0.02014049483250163, 0.017909670724675794, 0.016842677593055397, 0.01578190340558266, 0.021672131934011674, 0.05560535646543645, 0.07725971998759766, 0.08666542880064108, 0.09933430645002235, 0.1099909114573385, 0.08547761046843753, 0.054473508630561863, 0.028505863131700362, 0.012701749211304621], [0.00734652799157394, 0.005330830799670314, 0.0036230000816788606, 0.009107478527884192, 0.017009194298015888, 0.019762857137961304, 0.029561464484832004, 0.033558588018111, 0.030245167952870727, 0.027025421545741016, 0.031874746895489324, 0.034944272741136845, 0.038521007174602565, 0.04058925300398284, 0.04689965894791916, 0.0712782284711945, 0.08772081137380987, 0.09445217759840162, 0.09034538734343218, 0.10054553482232563, 0.07926162310175187, 0.053343150028073535, 0.031251017415875056, 0.016402600243665744], [0.014613770172867966, 0.011740062493230582, 0.00970872595962259, 0.01267316939589196, 0.014636658471838197, 0.02209742649688454, 0.03094824996474794, 0.0347329936873254, 0.031899749250510395, 0.029182989906668875, 0.03432263918435912, 0.03827741027071545, 0.04066310671873755, 0.04215861182466746, 0.049178371374912384, 0.06928247226326449, 0.08159760326812213, 0.08740714401031609, 0.08304651433686264, 0.08491477174030773, 0.07107838629317868, 0.05049036136945598, 0.033577952028577676, 0.021770859516934277], [0.019446230802500433, 0.01670832435654663, 0.014619014373117911, 0.016838562007862854, 0.020959838531230308, 0.02536588842650563, 0.03325077389350642, 0.03813047415252384, 0.03823252604348059, 0.03922874688377262, 0.04494106098329427, 0.04920391425697314, 0.049827888675965805, 0.047456397114685266, 0.048848838471295064, 0.06310921334190785, 0.07215749036581552, 0.0747709906970792, 0.06946850403266956, 0.06866083620995475, 0.05741666167206354, 0.04269753925353091, 0.029321290130286247, 0.019338995323431602], [0.020384121883121373, 0.01753629695957896, 0.01578328727821425, 0.018325020786805042, 0.0260931509924802, 0.027715957609275938, 0.033301310123467744, 0.03612596608063322, 0.03488756851161255, 0.035264472119575355, 0.03996907758797354, 0.042588149758977484, 0.04522255913307601, 0.04630986893544147, 0.04970004346628621, 0.06395842116873403, 0.0717245934335886, 0.07356832103964046, 0.06978166349262704, 0.0741818091634241, 0.061226441077076296, 0.044716431430954516, 0.030683216922874096, 0.020952251044561426], [0.009499522824200838, 0.007369853987704913, 0.0055051439501157574, 0.01009692992739629, 0.022238541906733505, 0.03081270862380899, 0.029134969512240844, 0.031230143712652685, 0.026036451331817898, 0.022379020062380302, 0.02940692722281685, 0.03558596638222756, 0.041644524276475005, 0.04678322520848008, 0.05326271764740583, 0.07283817366399525, 0.0834555226662254, 0.087724858784459, 0.09380891271407296, 0.09012298587569632, 0.07330810059035821, 0.05005871586968226, 0.03048425969761702, 0.0172118235614362], [0.0062374009098586205, 0.005100928927510966, 0.004602924350976601, 0.014052241957013269, 0.034160560080634186, 0.05700066741126155, 0.04751304176087609, 0.04531416001525512, 0.03211405922253399, 0.01989379307526765, 0.021592967664605413, 0.020004460758941953, 0.019996799150072193, 0.019812069247323552, 0.025641702307336086, 0.057679996731046894, 0.0785374499441554, 0.10792057124955735, 0.10840836034759871, 0.10586981394208508, 0.0814973848375058, 0.05115741371325833, 0.025748964831512712, 0.010142267563812691], [0.01129709360162695, 0.009560004136309018, 0.008848975822632507, 0.01089709007454174, 0.022328052592046906, 0.04198754457955141, 0.051363979962949585, 0.04376070650723173, 0.0408284161223065, 0.028431513223763902, 0.019029426311574695, 0.01876168847981826, 0.01731478193394892, 0.016944437987028344, 0.017950458881801766, 0.029828719932600615, 0.06839178541854879, 0.10036000317437671, 0.10562337623818728, 0.10221092129870488, 0.09528821496622417, 0.07139782394874826, 0.04446772676953465, 0.023127258035942604], [0.017736348354349847, 0.016260564107464803, 0.01570706484407419, 0.015612783973021562, 0.022855735515860676, 0.037992625568330864, 0.05536531913433485, 0.049156891707195685, 0.0435378800657529, 0.032997022135480975, 0.02207647525511955, 0.021609560465144624, 0.019582842420747953, 0.018978675206247426, 0.018532925509774104, 0.023182191048961274, 0.062100308433135305, 0.0852279833321682, 0.09220412642359305, 0.0895289868782834, 0.0886086259941982, 0.07119616770706999, 0.049206918291835856, 0.030741977627854803]], 4: [[0.022387539392587225, 0.021305114761413394, 0.021037268408771882, 0.021171482090898107, 0.027785718269793907, 0.04150805049688113, 0.05712506158723077, 0.05200867334132807, 0.04537003467477295, 0.03536559574606539, 0.025175814113469253, 0.02395801377694732, 0.02102739121138597, 0.019275060192802895, 0.018154288795307286, 0.021904718743899383, 0.04945570832287514, 0.07905534484201134, 0.0855818482676558, 0.08354482155971407, 0.08287491517230483, 0.0671887637002538, 0.04740706138271469, 0.030331711148915603], [0.021342661250188646, 0.02045023953821074, 0.020268761747724667, 0.020509484865001728, 0.02764823492580614, 0.04235604321042319, 0.05675515216070825, 0.04806853998311196, 0.045671286970643, 0.03460987264125645, 0.023456160329079725, 0.022276866508429673, 0.019512292469856602, 0.018193928040002444, 0.017388815230663886, 0.02179230209878129, 0.045938826393730724, 0.077471683851969, 0.08989137525241626, 0.08771301813156454, 0.08718542290561533, 0.07054684060263099, 0.049393764398173494, 0.03155842649401123], [0.01206134299267126, 0.010889993348070212, 0.010539968221785214, 0.014420744725658729, 0.026982434838683438, 0.045328980047115414, 0.042353766473692926, 0.041082928359587635, 0.03512669166707818, 0.024800950441670706, 0.02104725774920772, 0.023493076473954353, 0.024803129021294886, 0.024971605845564848, 0.028596762340201184, 0.04546405198381461, 0.06832679275317273, 0.08499946261702604, 0.10521668152942099, 0.10031052021576653, 0.0877982112408899, 0.0630117846633804, 0.03819050081188401, 0.020182361638408065], [0.00867297888870363, 0.00815716936219123, 0.008159297874680279, 0.016134834171139496, 0.03274645513982553, 0.034144887845129424, 0.03854168514333756, 0.03855161820161979, 0.027388989204894153, 0.015850323001770212, 0.0177915263917811, 0.02130853852784981, 0.0272506358931061, 0.030638518271505957, 0.03855729423492392, 0.06789954840060022, 0.0862324264687623, 0.09401994416202236, 0.10046791799550883, 0.10623618684082627, 0.08275940359080056, 0.05341005438349408, 0.0299346901417944, 0.015145075863732628], [0.010422899030803012, 0.007311300968493687, 0.005199392952034469, 0.009642236552787401, 0.01545249538208505, 0.018600263134495483, 0.0279194842604077, 0.030943672238306012, 0.028502720513288088, 0.027014739651073007, 0.033515236733133495, 0.03792291535739924, 0.04345486851564113, 0.046331865949100194, 0.05011009149424525, 0.07035306138749944, 0.08301044349565988, 0.08975709541313069, 0.08670176131320088, 0.09611040195075193, 0.07680834635693355, 0.052737919951452245, 0.03274864024571276, 0.01942814715236532], [0.007807940059636508, 0.0051030465389767165, 0.0035914601136382207, 0.008157470381271712, 0.010871498807173688, 0.018289041863828372, 0.02895476491080967, 0.034512633573949944, 0.03397463573363386, 0.03415444913155898, 0.03936855688690122, 0.04150131686870834, 0.045474039080086195, 0.04724957618847521, 0.053635355737249354, 0.07444659301689381, 0.08687150649972547, 0.09134520614596425, 0.08294157410763996, 0.08721142113163206, 0.07365954881260656, 0.04903569055556571, 0.02772876447041108, 0.014113909383663135], [0.01522011642965322, 0.013615977250611533, 0.012768789341345694, 0.015453329366172962, 0.018778366619272104, 0.02208602722219918, 0.028969314664917208, 0.031071584482224593, 0.028672082490921454, 0.028417529808576376, 0.033905807581341006, 0.038107603534349666, 0.04221337063114432, 0.04774005994639455, 0.05545041496660024, 0.07047664456275468, 0.07966980706430944, 0.08261835023034728, 0.07658438467147764, 0.07833668265724951, 0.06718697031702324, 0.05125258210924486, 0.03665009889447922, 0.02475410515738977], [0.017492723486077524, 0.015832671347717465, 0.01490051035494683, 0.018142934548936056, 0.026668883053114954, 0.029216342227116738, 0.03538119982162351, 0.03845675568974639, 0.037120530398326204, 0.037038055248760075, 0.042675135820268106, 0.047028097493298886, 0.05145426385334767, 0.0507071924404173, 0.049269311732090024, 0.05839496326179626, 0.06513970427224472, 0.06875358631040386, 0.06757336052669015, 0.07214593626077491, 0.0598469094995069, 0.043814124029198764, 0.03070409163053051, 0.02224271669306617], [0.010681403166739555, 0.008467255993136394, 0.007331389312671298, 0.01130650540308662, 0.021861469332434217, 0.029917276190031084, 0.028172581630506992, 0.029857603546641475, 0.02806825882737831, 0.029373128448911878, 0.038253502742437856, 0.04553940731294504, 0.05047345860971922, 0.05318293045257736, 0.058008903325310224, 0.07473184866683805, 0.08251808540115038, 0.08454319965548437, 0.08674607996634964, 0.08003186435698764, 0.06262497871814816, 0.04168488838294648, 0.02410733063818849, 0.012516649919379341], [0.008347978151141432, 0.007635177284375578, 0.007421769024871134, 0.017037236717279847, 0.03741642949837826, 0.06083863397977892, 0.04864153114810187, 0.0456209834751159, 0.03236807135957477, 0.018690070727126, 0.01909096721461613, 0.017334453078694943, 0.01701131668576109, 0.01639269193351339, 0.022154714940133362, 0.05490381076303388, 0.07656258910010834, 0.10820403557610726, 0.10832499572319479, 0.1062920012510735, 0.08213280387348951, 0.051653438810581584, 0.02586300744941706, 0.010061292234531356], [0.011543337824574352, 0.009900879848432546, 0.009227989074671787, 0.011134512933660605, 0.022269821246486413, 0.04163253164416008, 0.05204802181247822, 0.043321916991048794, 0.0384024968542754, 0.026461469447100126, 0.0173472195930522, 0.01713485335594331, 0.015474101659001862, 0.014669177943817597, 0.015760438158474527, 0.027757142107213924, 0.06763109041711274, 0.10104019687225096, 0.10679794664914712, 0.10394651234189849, 0.09755404999117129, 0.07443953607124051, 0.04781740003276962, 0.026687357130017447], [0.01914709375258189, 0.017676326512849977, 0.01713519516992975, 0.017214031321287595, 0.024447405880672343, 0.039253465794886, 0.056075208427016965, 0.049963199284546164, 0.044884889758679394, 0.03474025380195224, 0.02382491562955082, 0.022957717964614557, 0.020733277117901676, 0.019516046940936588, 0.018451443553000286, 0.022481547610413186, 0.05980699648769179, 0.08339477297395824, 0.08973004609707444, 0.08709313450645732, 0.08633378469657857, 0.0690383944670897, 0.047215917082028075, 0.028884935168302574]], 5: [[0.021123382411667033, 0.019889521204980446, 0.019440113841623155, 0.019598982744488107, 0.025951884358274717, 0.039828495764938306, 0.05654558424811736, 0.051267056771215166, 0.04450678314580209, 0.0337370787655948, 0.02303784541623034, 0.022288627088322452, 0.02005457177721758, 0.019156375217440215, 0.01873169453157164, 0.023083589769584453, 0.05197547608126669, 0.0828362240879874, 0.08953839002130201, 0.0869161258736244, 0.08567793749837728, 0.06858253084962099, 0.047151919470156754, 0.02907980906059643], [0.02099505418649459, 0.019806642965869842, 0.01938184916785929, 0.019431155590842655, 0.026356179485493795, 0.04083330383376402, 0.05497855802733851, 0.046425790040608254, 0.0451362374395048, 0.035011985253586723, 0.024523624097945312, 0.02407607348932705, 0.021975493443510005, 0.020756739808741646, 0.019680848373899454, 0.02365001542406052, 0.04763632593821272, 0.07815194469589314, 0.09080536352740677, 0.08788996323510818, 0.08672114815695119, 0.06924391761023144, 0.04741697556929953, 0.029114810638050395], [0.012920637867565936, 0.011295381258112967, 0.010596125254326788, 0.014526111390948782, 0.027561643335306574, 0.04600632754399074, 0.04443509397726771, 0.04437194027942849, 0.03942769053774994, 0.028289813080272154, 0.02336762908844105, 0.024196996927534558, 0.024771467311493822, 0.02474407534616596, 0.02663336006586246, 0.040877182036349144, 0.06270933929057854, 0.08028813303973203, 0.10305542155473751, 0.09986806203367082, 0.08797994908138002, 0.0633568549154121, 0.03835255589863147, 0.020368208885040488], [0.010330181713081074, 0.008990262450505703, 0.0081155753254565, 0.014602204338321373, 0.02912264444538815, 0.031200977114255058, 0.03682052497707116, 0.0402381430772634, 0.0342737910144279, 0.02893883338287781, 0.03433083582693111, 0.035128195539475965, 0.03505403728322179, 0.03426555120817744, 0.038146499952145745, 0.06377673420983744, 0.07861472377317208, 0.08467288286101285, 0.09104035159887101, 0.09617755388041, 0.07389077946665636, 0.04912318954026318, 0.028621917757859987, 0.014523609263316953], [0.018079587947983606, 0.013714222492936344, 0.011325898582819582, 0.016171694753925072, 0.022968676999635017, 0.02779944092055095, 0.03817289613136021, 0.0388890325303907, 0.03273963962284686, 0.02993702689750591, 0.037214439859274084, 0.041345903501371836, 0.03951557671829143, 0.03891789445075465, 0.0453450833418015, 0.07096364540485157, 0.08296539395619362, 0.08742215549239339, 0.0819492138433796, 0.0902560352981286, 0.06699272619477828, 0.04105307526767928, 0.01977883350941109, 0.006481906281736838], [0.008504915824450367, 0.007035717344030142, 0.005999291129013368, 0.009842785010489062, 0.012574971938923431, 0.018963258901879738, 0.026692103077367926, 0.029024926069671345, 0.0264463406551335, 0.02622400246376828, 0.03462293324363005, 0.04255184339096846, 0.04781231123813956, 0.051471483302939436, 0.05889043642414139, 0.07565412164702295, 0.08572154887158567, 0.08927934393721385, 0.08226052275971234, 0.08484717225372973, 0.07165779425922021, 0.05131135372470231, 0.033262407834291616, 0.019348414697975262], [0.01893688536488006, 0.01646360271437384, 0.014041067151721879, 0.01567999963711579, 0.019084307072613126, 0.023055904579598642, 0.03045363927495735, 0.03573757348405123, 0.03800078020103784, 0.04169199296004643, 0.04688407210509125, 0.048485015150415485, 0.048044451046920914, 0.04796110108139491, 0.04833504191312551, 0.06403772181296945, 0.07479525392822146, 0.07254905740828099, 0.06612742452008562, 0.06979198797038862, 0.06073774358602168, 0.04543848885945494, 0.03179716133831693, 0.021869726838915693], [0.021583074869392437, 0.019827316301884064, 0.018319505768287617, 0.021237925749283952, 0.030274557257578785, 0.03230009147133796, 0.03744049417714335, 0.03907108503014598, 0.035791145219787004, 0.033732187474633926, 0.036996438688624345, 0.038633509614040065, 0.04068530517389445, 0.04135207051955857, 0.04477013818924949, 0.060012973787083916, 0.06892341441154463, 0.07212354701428958, 0.0704366818482258, 0.07524830614317686, 0.06252553660115427, 0.046165741153166406, 0.031561704272686904, 0.020987249263829666], [0.017758322902754364, 0.015008379426003486, 0.013047197495728703, 0.01745904103937514, 0.02944709773510757, 0.0364475895456463, 0.03610681845198553, 0.0394935516878891, 0.036093299489309526, 0.032457630871716686, 0.03681260153789853, 0.038824129949863284, 0.039893992685775016, 0.04155029869914946, 0.045905269365331305, 0.06275968645330013, 0.0736713540173462, 0.0781246867912742, 0.08415880585604167, 0.08085784810746176, 0.06380903765963447, 0.0420071464033732, 0.024780258585124004, 0.013525955242910115], [0.007874546906153536, 0.00713081123544656, 0.006925024442518453, 0.01617603736609983, 0.03610917800557588, 0.05941090328447675, 0.047454776004064496, 0.04416047954299962, 0.030911567181702904, 0.017596905513122107, 0.018375650555240087, 0.017114459297336296, 0.01724339625058171, 0.017152884217177648, 0.023393091199412526, 0.056165278388544244, 0.07804271997199248, 0.11053227052851342, 0.10902942921916291, 0.10686055596589573, 0.08285181216191408, 0.05226899151663158, 0.02645513036721415, 0.010764100878222889], [0.014290045329855974, 0.013151137264355973, 0.012944395133158733, 0.01511043901655033, 0.025478958691753324, 0.04338370389851372, 0.053094009226689456, 0.044643881199981, 0.04091887015060031, 0.028783910640644915, 0.01936582033889638, 0.01848333095908624, 0.016825010684111904, 0.016264688370937752, 0.01733784805549163, 0.028354354551796936, 0.06637956540320195, 0.09449065094549824, 0.09974102443282888, 0.0971549214489482, 0.09127774672993122, 0.06997161861555826, 0.04583027420727542, 0.02672379470433318], [0.018404022421632544, 0.01660973047529691, 0.015861941764701164, 0.01553716489843706, 0.022966268647939204, 0.038671168100763695, 0.05693886443038414, 0.04821065321582558, 0.04375666594494029, 0.03263005108218859, 0.02150009489365228, 0.021167967110662034, 0.018767558666998127, 0.017644204938212203, 0.017148352191776062, 0.02197589968538076, 0.0627300502802704, 0.08688716743784465, 0.09385383169875675, 0.09083795104556766, 0.08969454936207408, 0.07131057489514919, 0.04821934066286557, 0.028675926148680978]], 6: [[0.020359042543948967, 0.01890432876392421, 0.017861077266639373, 0.017269600235200737, 0.025010929466885278, 0.04145273987312783, 0.06042448728810909, 0.0534185078792942, 0.03790735287269482, 0.02661855152765798, 0.015217849122619235, 0.01488979135665092, 0.013842369633527503, 0.012333442917601202, 0.011885143639953822, 0.016660747262768016, 0.049048111200462055, 0.09205912546193938, 0.10006943426021235, 0.09693481450487951, 0.09576159096895892, 0.07674953137087138, 0.052764477460276855, 0.03255695312179631], [0.02137073777488475, 0.019729848439987378, 0.019010358396448813, 0.01884235182083719, 0.027152273475528683, 0.0446731744729453, 0.06188518445690557, 0.04962597818626732, 0.04002097445320641, 0.027553831793021934, 0.014708485989532366, 0.013931738099597012, 0.01205353005923927, 0.009455831975342964, 0.008223281492380564, 0.012999037917501993, 0.041891648566406675, 0.08682248334813752, 0.10428160614286287, 0.10119646297187813, 0.10008219514528803, 0.07950176632922208, 0.05346074710942051, 0.031526471583156856], [0.014916337834606438, 0.013612269443464145, 0.013322476467654748, 0.018293403831845405, 0.03366309877584692, 0.05519578360109552, 0.05179738315164974, 0.04659444361970983, 0.0343573574080774, 0.019881042650236765, 0.012236197276123816, 0.010800566429706091, 0.008340881877360679, 0.006266995335755386, 0.008413774589067339, 0.028314373820493694, 0.061819242075806635, 0.08739658346526619, 0.11661678256904139, 0.11399708962514479, 0.10123464252791924, 0.07364830688898351, 0.04517659148346447, 0.024104375251679862], [0.013198271893549579, 0.012348622799598632, 0.012164678150392754, 0.022758527391694074, 0.045546252346754156, 0.05297119271073098, 0.0525371222686896, 0.04103328230248092, 0.026124033195683044, 0.01041866